File: f000000002.jpg	4 hands detected
tensor([[ 472.6409,  907.7452,  530.0374,  965.1417,  923.9708,  488.7144,
          946.5228,  499.7224,  947.7573,  510.1343,  945.9395,  518.5736,
          942.4515,  525.3679,  924.7944,  481.4501,  933.1661,  488.7937,
         1729.7734],
        [ 482.3044,  945.6621,  537.5221, 1000.8798,  974.9742,  493.9052,
          971.8817,  511.8199,  977.8594,  518.2772,  981.8293,  523.5771,
          984.5049,  527.8535,  967.5106,  492.9918,  962.7809,  504.1392,
         1816.9681],
        [ 489.9658,  965.7779,  539.6276, 1015.4398,  990.7755,  500.0353,
          985.8066,  514.9932,  991.7207,  519.7968,  996.4070,  523.9767,
          999.8640,  527.4615,  983.4634,  500.1865,  979.0801,  510.0558,
         1740.1523],
        [ 498.7816,  924.7932,  548.9326,  974.9443,  937.2831,  517.5188,
          967.6185,  517.1987,  967.2872,  528.1324,  963.0225,  536.9191,
          956.9951,  543.9774,  939.8859,  508.0195,  950.6489,  509.6829,
         1653.2393]])
File: f000000003.jpg	2 hands detected
tensor([[ 486.7615,  901.3073,  546.5548,  961.1007,  913.3085,  497.6358,
          953.4683,  523.5529,  943.2106,  530.4534,  930.5670,  534.8278,
          917.4606,  537.5748,  928.1713,  494.1917,  944.4847,  507.3448,
         1790.7411],
        [ 493.3174, 1053.1766,  553.1929, 1113.0521, 1095.7083,  510.8581,
         1068.0795,  525.2311, 1077.8223,  532.9390, 1087.3870,  538.7460,
         1096.0648,  543.1285, 1080.1537,  506.6403, 1066.2191,  512.7118,
         1594.2014]])
File: f000000003_crop.jpg	2 hands detected
tensor([[ 103.6085,  496.2509,  171.8766,  564.5190,  510.9532,  106.8638,
          559.1812,  158.9901,  541.2406,  163.9296,  521.8302,  164.4276,
          502.9648,  162.2565,  533.4127,  107.5411,  554.2947,  130.4562,
         1098.2971],
        [ 112.7857,  626.2027,  181.0660,  694.4830,  674.7651,  123.3994,
          653.6672,  159.4685,  656.3016,  167.6429,  658.0603,  171.7626,
          659.5400,  173.2863,  667.0128,  119.6048,  653.1506,  134.8277,
         1041.2803]])
File: f00001.jpg	2 hands detected
tensor([[ 497.6055, 1016.2495,  561.6843, 1080.3284, 1069.0903,  514.1741,
         1029.5547,  528.7451, 1041.2249,  538.5241, 1052.6475,  546.6546,
         1063.3381,  553.0444, 1050.4995,  507.8837, 1029.1931,  516.2444,
         1763.3926],
        [ 501.6400,  870.4609,  563.8933,  932.7141,  886.2776,  514.7212,
          922.8014,  537.7579,  913.1671,  546.6204,  901.3215,  553.0028,
          889.0693,  557.6582,  899.8707,  508.7745,  914.4022,  520.2964,
         1749.1897]])
File: f00002.jpg	2 hands detected
tensor([[ 522.0036, 1024.4540,  581.0725, 1083.5231, 1073.9945,  535.4585,
         1035.1134,  553.3848, 1047.6169,  562.3574, 1059.6787,  569.2066,
         1070.9001,  574.1307, 1054.8229,  529.3229, 1033.7533,  538.2179,
         1799.9445],
        [ 507.9393,  878.6249,  567.4399,  938.1257,  895.8585,  515.6257,
          929.0910,  551.9578,  916.0117,  554.4881,  901.6479,  554.6647,
          887.6236,  553.6299,  913.0259,  517.5156,  926.9558,  535.0111,
         1651.5698]])
File: f00003.jpg	3 hands detected
tensor([[ 510.8910,  940.2588,  567.2239,  996.5917,  956.8983,  512.2560,
          982.9260,  555.3929,  984.7230,  553.7755,  981.9105,  550.7422,
          976.9659,  547.0959,  955.2318,  521.7894,  961.6337,  544.7020,
         1650.8873],
        [ 535.5353, 1000.5993,  596.6063, 1061.6703, 1015.0653,  550.0889,
         1046.5658,  571.0570, 1046.4194,  570.4988, 1042.7772,  570.4711,
         1037.4152,  570.6292, 1015.4308,  555.9918, 1027.4963,  569.1709,
         1697.0166],
        [ 489.4833,  905.4089,  553.0065,  968.9323,  921.9663,  498.7960,
          956.5945,  535.5469,  951.8306,  535.1514,  943.3432,  533.4893,
          933.7086,  531.3896,  927.8024,  506.3502,  939.9485,  526.0264,
         1664.2981]])
File: f00004.jpg	1 hands detected
tensor([[ 511.8645,  848.2448,  574.7607,  911.1409,  870.5905,  512.6118,
          891.5276,  564.8618,  885.2247,  564.9813,  878.0235,  561.5578,
          870.9100,  556.4104,  879.5703,  518.3777,  889.1736,  542.8370,
         1797.9355]])
File: f00005.jpg	2 hands detected
tensor([[ 514.7232,  986.2845,  568.3961, 1039.9575, 1025.1100,  530.3906,
          999.5692,  543.8425, 1011.4774,  549.2586, 1022.1044,  553.8171,
         1031.4028,  557.2402, 1006.9487,  527.5618,  991.6809,  534.0732,
         1846.9033],
        [ 506.6936,  833.0768,  561.5081,  887.8914,  857.4411,  513.9312,
          863.8231,  545.1705,  866.5713,  544.6232,  867.6418,  542.9624,
          867.8090,  540.8293,  854.5111,  519.5687,  855.9984,  535.6663,
         1531.5159]])
File: f00006.jpg	1 hands detected
tensor([[ 511.0943,  878.9125,  564.9445,  932.7629,  895.4219,  525.0234,
          920.7407,  544.8371,  911.3054,  548.6980,  901.0403,  550.8720,
          890.9874,  551.9362,  907.9057,  524.1537,  918.6295,  533.2701,
         1869.2415]])
File: f00007.jpg	2 hands detected
tensor([[ 499.5939,  947.9916,  561.4137, 1009.8115,  963.9564,  508.5818,
          997.3135,  546.0464,  987.7131,  548.6244,  976.1111,  549.0837,
          964.2833,  548.4191,  977.0565,  510.5756,  990.5232,  528.9430,
         1777.8937],
        [ 522.9415,  997.9208,  581.7683, 1056.7476, 1025.8127,  528.7857,
         1034.4473,  568.0511, 1038.1145,  567.4310, 1038.6692,  565.4878,
         1037.6602,  562.8131, 1020.8225,  534.8364, 1020.7319,  555.0560,
         1577.4695]])
File: f00008.jpg	1 hands detected
tensor([[ 519.6982,  993.4739,  582.0521, 1055.8279, 1006.6992,  526.2330,
         1045.6956,  561.2717, 1038.6010,  565.6024, 1028.3226,  568.1569,
         1016.9896,  569.4807, 1017.2123,  528.3517, 1032.1726,  547.6384,
         1884.4279]])
File: f00009.jpg	1 hands detected
tensor([[ 512.4691,  982.8556,  569.5347, 1039.9213, 1002.7096,  520.1647,
         1011.4057,  552.8391, 1021.2182,  549.7656, 1027.9225,  546.8027,
         1032.3828,  543.9376,  992.1943,  530.1952,  993.7910,  548.9970,
         1874.7999]])
File: f00010.jpg	4 hands detected
tensor([[ 547.6855,  981.1799,  603.1321, 1036.6268, 1019.6812,  562.6271,
         1000.1176,  578.5735, 1008.9150,  583.8696, 1016.2502,  587.3699,
         1022.3530,  589.4879, 1006.8519,  559.6076,  994.0845,  566.6705,
         1823.7941],
        [ 535.8974,  959.9084,  588.8175, 1012.8286,  996.4466,  542.7410,
          973.5209,  576.2023,  987.1994,  579.1303,  998.4139,  579.0849,
         1007.4971,  577.3998,  979.0056,  543.9750,  964.5275,  558.8166,
         1659.7577],
        [ 989.8060,  632.3909, 1071.7446,  714.3294,  641.7570, 1031.2301,
          708.4429, 1023.6096,  704.2440, 1033.6313,  693.6477, 1041.2087,
          680.3619, 1047.6591,  653.1894, 1018.9181,  679.2861, 1012.8912,
         1589.8489],
        [ 522.0457,  942.6103,  573.8580,  994.4227,  966.3389,  536.1437,
          969.2684,  548.6088,  974.6951,  555.6385,  976.8499,  560.5677,
          976.8219,  564.2986,  959.2106,  531.5879,  956.9357,  538.0919,
         1543.6235]])
File: f00011.jpg	3 hands detected
tensor([[ 520.4045,  965.2094,  566.8248, 1011.6298,  982.1238,  533.9606,
          993.4629,  545.6190,  991.1276,  549.0810,  988.0494,  551.6562,
          984.7300,  553.7256,  985.7506,  532.7014,  990.6626,  539.1654,
         1761.8986],
        [ 361.7353,  880.8158,  406.7904,  925.8710,  909.8474,  393.3644,
          902.0198,  372.4959,  898.5111,  374.8323,  895.8361,  378.3664,
          893.7629,  382.5435,  912.4110,  388.4122,  907.9597,  379.9793,
         1573.1743],
        [ 986.6929,  631.7950, 1070.5018,  715.6041,  641.6144, 1025.6686,
          710.1211, 1019.7354,  704.9583, 1028.6105,  693.2711, 1036.5424,
          678.9189, 1044.0770,  652.9278, 1016.7795,  679.2648, 1014.7878,
         1526.8317]])
File: f00012.jpg	2 hands detected
tensor([[ 519.0455,  936.2825,  589.3522, 1006.5894,  970.0045,  525.9755,
          975.7786,  568.4152,  977.2953,  571.5585,  976.5373,  572.7871,
          974.7315,  572.6697,  967.3757,  529.5199,  966.7662,  551.5195,
         1869.2711],
        [ 534.4771,  991.8894,  607.2975, 1064.7101, 1028.5511,  547.5679,
         1023.1965,  577.6880, 1036.1929,  579.6856, 1045.7240,  581.2756,
         1052.8335,  582.3253, 1012.7086,  551.1539, 1005.7026,  568.1223,
         1542.0978]])
File: f0002.jpg	2 hands detected
tensor([[ 587.4728,  991.7094,  646.4165, 1050.6531, 1033.4207,  603.3192,
         1014.1501,  624.4463, 1021.6343,  630.0929, 1027.2766,  632.9597,
         1031.7802,  633.9547, 1019.7703,  600.2556, 1005.7284,  607.8185,
         1761.9364],
        [ 555.3895,  857.7780,  614.0822,  916.4708,  878.4565,  558.5941,
          905.1982,  604.6962,  891.2853,  604.4023,  877.4802,  601.3080,
          864.8431,  596.8455,  897.0042,  563.7194,  910.0165,  586.0399,
         1731.7841]])
File: f0002_crop.jpg	2 hands detected
tensor([[ 110.9992,  447.2080,  167.2998,  503.5086,  464.5117,  115.6657,
          495.0524,  156.2850,  477.4487,  158.8275,  460.7276,  158.6971,
          445.7900,  156.7944,  487.1567,  117.5644,  502.8427,  137.1863,
         1139.2639],
        [ 134.5512,  572.3090,  187.8004,  625.5582,  607.2442,  146.0952,
          593.2029,  174.5978,  597.8176,  175.5162,  601.2151,  174.3198,
          603.7195,  171.8185,  598.4946,  147.6970,  588.3564,  160.2056,
          927.1590]])
File: f0003.jpg	2 hands detected
tensor([[ 561.5134,  952.4781,  619.4652, 1010.4300,  984.2728,  577.5981,
          980.4585,  589.2762,  981.1019,  599.1537,  981.6354,  607.0112,
          982.2102,  613.1187,  982.2312,  571.1499,  979.9933,  577.1887,
         1781.7361],
        [ 560.3198,  823.5562,  617.7098,  880.9464,  844.8268,  571.1980,
          861.2379,  593.3561,  855.2777,  601.3755,  849.4844,  607.3462,
          844.2672,  611.8582,  853.4094,  566.7457,  862.2877,  578.5037,
         1736.9824]])
File: f0004.jpg	2 hands detected
tensor([[ 557.5368,  932.3539,  627.0006, 1001.8177,  949.5482,  572.5440,
          993.1472,  599.3643,  977.3779,  604.0392,  960.5794,  607.1901,
          944.3544,  609.1470,  970.4608,  572.3608,  989.9434,  586.5027,
         1854.8524],
        [ 563.0808, 1168.3312,  623.7861, 1229.0366, 1214.1729,  572.7026,
         1195.9810,  610.6727, 1204.2317,  613.1777, 1209.0208,  612.3546,
         1211.8042,  609.6101, 1198.3651,  573.7438, 1181.2562,  590.1622,
         1617.7621]])
File: f0004_crop.jpg	1 hands detected
tensor([[  62.7392,  507.7912,  129.6238,  574.6758,  537.3980,   68.7418,
          556.3441,  115.9858,  535.8542,  116.4504,  518.2997,  114.5597,
          503.6570,  111.1381,  562.8314,   74.2861,  575.2398,   97.7242,
         1127.9353]])
File: f0005.jpg	2 hands detected
tensor([[ 583.1522,  989.0972,  642.2771, 1048.2224, 1001.3164,  600.9265,
         1030.5005,  613.4254, 1029.9464,  618.6874, 1026.8945,  622.8491,
         1022.4513,  626.1888, 1005.2205,  597.8575, 1017.7804,  604.8489,
         1854.8878],
        [ 581.5621, 1070.7644,  643.5974, 1132.7999, 1106.5741,  593.5764,
         1097.5430,  625.0973, 1110.6129,  626.2645, 1120.0116,  625.6509,
         1126.8799,  623.9487, 1088.8458,  596.1757, 1079.1459,  611.0581,
         1655.7378]])
File: f0006.jpg	3 hands detected
tensor([[ 552.1348,  901.0589,  617.7573,  966.6816,  914.8070,  559.2740,
          963.7257,  599.9902,  946.6976,  604.9874,  927.3807,  606.7745,
          908.2668,  606.5649,  937.2737,  558.7505,  957.6531,  578.2023,
         1822.3068],
        [ 581.7067,  976.1194,  644.4690, 1038.8817,  993.2911,  598.3731,
         1031.1594,  615.7075, 1017.8130,  622.8878, 1002.6967,  627.6069,
          987.6937,  630.7043, 1007.9694,  595.0997, 1023.7896,  602.6295,
         1606.0249],
        [ 591.8994, 1009.7228,  655.4242, 1073.2484, 1047.5515,  624.3048,
         1042.3173,  617.3395, 1040.3840,  625.4688, 1038.1018,  633.6257,
         1036.1830,  641.0618, 1045.3225,  617.6045, 1039.6232,  615.4958,
         1497.9022]])
File: f0007.jpg	2 hands detected
tensor([[ 603.6616, 1088.9889,  669.3452, 1154.6727, 1100.4025,  632.5936,
         1143.8826,  630.4904, 1141.0028,  641.0029, 1134.6632,  649.4215,
         1126.7286,  656.0616, 1108.5625,  621.8242, 1126.7883,  619.9454,
         1675.9404],
        [ 587.7145, 1035.0627,  651.8818, 1099.2302, 1042.6525,  608.3464,
         1092.2311,  616.7920, 1085.0155,  625.2859, 1075.2910,  632.7607,
         1064.8519,  639.1517, 1056.2532,  602.0352, 1079.2096,  608.4371,
         1684.1848]])
File: f0008.jpg	1 hands detected
tensor([[ 565.5272,  910.7881,  627.4321,  972.6930,  935.7104,  572.4584,
          963.5868,  612.6133,  950.1105,  614.8406,  935.1884,  613.8322,
          920.8213,  611.1108,  951.0860,  575.5223,  960.7051,  594.0226,
         1840.4967]])
File: f0009.jpg	1 hands detected
tensor([[ 320.9990,  780.7083,  381.6141,  841.3235,  812.6680,  335.2297,
          818.7906,  359.6531,  810.8088,  358.1795,  802.8813,  356.2048,
          795.7045,  354.0131,  820.8009,  340.9657,  822.2513,  354.7430,
         1592.6917]])
File: f002.jpg	2 hands detected
tensor([[ 521.4955,  978.2354,  601.4760, 1058.2157, 1002.4993,  525.8473,
         1044.6830,  591.0639, 1025.5088,  594.0214, 1005.3766,  591.9011,
          986.1548,  587.0505, 1028.0242,  528.1198, 1046.6488,  557.6461,
         1732.1891],
        [ 531.4179, 1138.2816,  591.9637, 1198.8275, 1173.3104,  541.7297,
         1169.5970,  571.0948, 1173.3506,  581.1467, 1175.4403,  587.1879,
         1176.4056,  590.5290, 1167.1104,  535.5771, 1162.1644,  548.7175,
         1547.7682]])
File: f002_crop.jpg	2 hands detected
tensor([[ 117.8039,  774.2078,  182.4709,  838.8750,  810.9148,  121.0683,
          802.4758,  172.9102,  809.4547,  175.9078,  814.8413,  175.3586,
          819.1155,  172.7427,  800.4546,  123.9197,  793.9232,  147.7919,
         1232.8173],
        [ 127.5490,  625.4193,  194.3399,  692.2104,  643.6415,  134.0171,
          683.2935,  181.1552,  665.9327,  184.7084,  647.5588,  184.4203,
          629.9705,  182.0618,  665.5425,  135.1830,  682.9549,  156.1888,
         1197.5815]])
File: f003.jpg	3 hands detected
tensor([[ 527.2773, 1091.8040,  598.8502, 1163.3771, 1152.7925,  542.6731,
         1107.0901,  571.4855, 1120.2224,  581.6081, 1133.1136,  588.4733,
         1145.1024,  592.7775, 1131.6498,  535.9691, 1106.8680,  548.8668,
         1813.0149],
        [ 517.1805,  938.6000,  592.8529, 1014.2727,  956.5710,  527.2867,
         1003.6909,  571.7994,  987.5413,  579.1050,  969.6202,  582.6100,
          952.0765,  583.7281,  978.5776,  525.1440,  999.3364,  546.3501,
         1709.2388],
        [ 530.7415, 1019.5757,  603.2951, 1092.1295, 1055.1566,  530.6182,
         1068.3251,  586.3296, 1065.5769,  594.5789, 1059.7052,  597.2975,
         1052.6293,  596.9063, 1055.5148,  528.0504, 1057.0027,  553.1662,
         1578.3533]])
File: f004.jpg	2 hands detected
tensor([[ 510.7839, 1238.9823,  583.2372, 1311.4358, 1288.5126,  524.6941,
         1264.5184,  558.4416, 1279.4886,  566.7567, 1291.4215,  571.9379,
         1301.0623,  574.7016, 1267.0635,  521.1455, 1250.2650,  537.1693,
         1757.3185],
        [ 550.5419, 1085.2526,  629.0717, 1163.7822, 1099.9547,  566.1169,
         1157.2345,  596.0682, 1142.5876,  608.6945, 1124.1370,  617.0004,
         1104.9702,  622.2694, 1119.4744,  556.9125, 1142.2903,  570.4628,
         1712.0968]])
